 -6.036284010295638E-002
 -6.167434923912318E-002
 -6.984296238588268E-002
 -6.972131733468476E-002
 -7.356227891643216E-002
 -7.292865289832065E-002
 -7.627417752473378E-002
 -7.582447096606801E-002
 -8.546239140156042E-002
 -8.525185189588816E-002
 -6.801273093966015E-002
 -8.787625506107152E-002
 -8.812704457564072E-002
 -7.272448272963578E-002
 -7.964963444357451E-002
 -8.304947390926669E-002
 -6.167434923912318E-002
 -6.173341754913555E-002
 -7.041302652198271E-002
 -7.107396405870472E-002
 -7.481399260061999E-002
 -7.420662159430381E-002
 -7.759450321388521E-002
 -7.710473670984115E-002
 -8.690476484062833E-002
 -8.679312627283201E-002
 -6.887014757951898E-002
 -8.956789020811745E-002
 -8.985358853173227E-002
 -7.470255470990415E-002
 -8.127449933741401E-002
 -8.493949519082647E-002
 -6.984296238588229E-002
 -7.041302652198192E-002
 -7.705784214490734E-002
 -7.813636553412620E-002
 -8.208038168591290E-002
 -8.256453310396331E-002
 -9.263919246732252E-002
 -9.365769024302109E-002
 -9.785747393907768E-002
 -9.797587561933088E-002
 -7.790071213414865E-002
 -0.105944659436393     
 -0.106558736194600     
 -8.466042813174446E-002
 -0.101737164706747     
 -0.108184983450107     
 -6.972131733468556E-002
 -7.107396405870468E-002
 -7.813636553412623E-002
 -7.838680967763668E-002
 -8.272700834847641E-002
 -8.324634241952696E-002
 -9.289045388013439E-002
 -9.404671144204343E-002
 -9.908531346784619E-002
 -9.920767664385791E-002
 -7.852283826324430E-002
 -0.106719707307079     
 -0.107286476872581     
 -8.503278694308684E-002
 -0.102710956328088     
 -0.109869395755268     
 -7.356227891643219E-002
 -7.481399260062008E-002
 -8.208038168591289E-002
 -8.272700834847621E-002
 -0.140530245951439     
 -0.143257634069892     
 -0.118788605848742     
 -0.118340165759025     
 -0.124398566232352     
 -0.124327918487979     
 -0.134328897591703     
 -0.155106348440394     
 -0.155291926321776     
 -0.136831426857767     
 -0.132368632398569     
 -0.135316051605963     
 -7.292865289832075E-002
 -7.420662159430381E-002
 -8.256453310396332E-002
 -8.324634241952697E-002
 -0.143257634069892     
 -0.139882636944438     
 -0.119622676683008     
 -0.119220276693571     
 -0.126135483209223     
 -0.125961817064659     
 -0.132261696895306     
 -0.158197948576919     
 -0.158163268338100     
 -0.138591774072500     
 -0.134846864183066     
 -0.136018176204329     
 -7.627417752473398E-002
 -7.759450321388502E-002
 -9.263919246732212E-002
 -9.289045388013498E-002
 -0.118788605848742     
 -0.119622676683008     
 -0.127738311590887     
 -0.131164370662797     
 -0.152456003117856     
 -0.151917549897961     
 -0.130711076126513     
 -0.139667700704515     
 -0.139075800453416     
 -0.132333899909055     
 -0.149369449191297     
 -0.150564313134710     
 -7.582447096606820E-002
 -7.710473670984094E-002
 -9.365769024302170E-002
 -9.404671144204360E-002
 -0.118340165759024     
 -0.119220276693571     
 -0.131164370662797     
 -0.129181723083821     
 -0.155652548289122     
 -0.154383729778237     
 -0.128882665903233     
 -0.143089187906432     
 -0.142559236344740     
 -0.134272369259337     
 -0.152172158298711     
 -0.151674954656083     
 -8.546239140156084E-002
 -8.690476484062833E-002
 -9.785747393907807E-002
 -9.908531346784617E-002
 -0.124398566232353     
 -0.126135483209223     
 -0.152456003117856     
 -0.155652548289122     
 -0.128642557770962     
 -0.132103084553863     
 -0.141832172456399     
 -0.151653520618071     
 -0.152419750268834     
 -0.146713207859801     
 -0.149653645720292     
 -0.158940665845370     
 -8.525185189588796E-002
 -8.679312627283202E-002
 -9.797587561933045E-002
 -9.920767664385771E-002
 -0.124327918487979     
 -0.125961817064659     
 -0.151917549897960     
 -0.154383729778237     
 -0.132103084553862     
 -0.130037429955127     
 -0.140284491903129     
 -0.151390010513717     
 -0.152184116212895     
 -0.147296409166037     
 -0.150977863779985     
 -0.158712793870217     
 -6.801273093965973E-002
 -6.887014757951845E-002
 -7.790071213414823E-002
 -7.852283826324452E-002
 -0.134328897591704     
 -0.132261696895307     
 -0.130711076126513     
 -0.128882665903232     
 -0.141832172456400     
 -0.140284491903130     
 -0.133248529445337     
 -0.134083687098982     
 -0.133593298178601     
 -0.180715799482954     
 -0.189123988952934     
 -0.162399011982831     
 -8.787625506107193E-002
 -8.956789020811767E-002
 -0.105944659436393     
 -0.106719707307079     
 -0.155106348440394     
 -0.158197948576919     
 -0.139667700704515     
 -0.143089187906431     
 -0.151653520618072     
 -0.151390010513718     
 -0.134083687098982     
 -0.161738200130827     
 -0.163224180055909     
 -0.143471121295065     
 -0.168865336885068     
 -0.175446661685938     
 -8.812704457564091E-002
 -8.985358853173167E-002
 -0.106558736194599     
 -0.107286476872580     
 -0.155291926321776     
 -0.158163268338101     
 -0.139075800453416     
 -0.142559236344740     
 -0.152419750268834     
 -0.152184116212895     
 -0.133593298178602     
 -0.163224180055910     
 -0.162298519203632     
 -0.142586948955055     
 -0.168852331551216     
 -0.176029306764593     
 -7.272448272963597E-002
 -7.470255470990395E-002
 -8.466042813174364E-002
 -8.503278694308683E-002
 -0.136831426857766     
 -0.138591774072499     
 -0.132333899909056     
 -0.134272369259337     
 -0.146713207859801     
 -0.147296409166037     
 -0.180715799482955     
 -0.143471121295065     
 -0.142586948955054     
 -0.135787001045849     
 -0.171082328537267     
 -0.188875798990688     
 -7.964963444357470E-002
 -8.127449933741421E-002
 -0.101737164706746     
 -0.102710956328088     
 -0.132368632398569     
 -0.134846864183065     
 -0.149369449191297     
 -0.152172158298711     
 -0.149653645720292     
 -0.150977863779985     
 -0.189123988952935     
 -0.168865336885067     
 -0.168852331551215     
 -0.171082328537266     
 -0.173610446153263     
 -0.204050772983075     
 -8.304947390926688E-002
 -8.493949519082605E-002
 -0.108184983450107     
 -0.109869395755268     
 -0.135316051605964     
 -0.136018176204329     
 -0.150564313134709     
 -0.151674954656083     
 -0.158940665845370     
 -0.158712793870218     
 -0.162399011982831     
 -0.175446661685938     
 -0.176029306764593     
 -0.188875798990690     
 -0.204050772983074     
 -0.195515414513976     
