-1.22187851435595
0.31116150726886
0.31116150726886
0.31116150726886
0.31116150726886
0.31116150726886
0.31116150726886
2.32324526529525
2.32324526529525
2.32324526529525
2.32324526529525
2.32324526529525
2.32324526529525
2.32324526529525
2.32324526529525
2.32324526529525
2.32324526529525
2.32324526529525
2.32324526529525
3.73202432222548
3.73202432222548
3.73202432222548
3.73202432222548
3.73202432222548
3.73202432222548
3.73202432222548
3.73202432222548
5.05386622070640
5.05386622070640
5.05386622070640
5.05386622070640
5.05386622070640
5.05386622070640
