 0.302389959215178E+02
 0.314347997333590E+02
 0.364089307316106E+02
 0.368039407539302E+02
 0.183468853552891E+02
 0.186269456560389E+02
 0.110851638963972E+02
 0.217820099103505E+02
 0.218945949019300E+02
 0.141171891362377E+02
 0.237319118868454E+02
 0.238081023580980E+02
 0.239735674516378E+02
 0.240528987400401E+02
 0.154406079670651E+02
 0.167754048853419E+02
 0.314347997333590E+02
 0.326953682185242E+02
 0.378983443033733E+02
 0.383150357660826E+02
 0.190405057055675E+02
 0.193366189066099E+02
 0.112642444233788E+02
 0.226524180130092E+02
 0.227722000509734E+02
 0.144692797632477E+02
 0.246915703948778E+02
 0.247718668651771E+02
 0.249701577971507E+02
 0.250544454849701E+02
 0.158274178168077E+02
 0.172375575668227E+02
 0.364089307316106E+02
 0.378983443033733E+02
 0.459993710327605E+02
 0.465067101022675E+02
 0.179875244314034E+02
 0.182887466720976E+02
 0.127071735854278E+02
 0.258465902409260E+02
 0.259875674958238E+02
 0.164516170728921E+02
 0.292125146398614E+02
 0.293119026346651E+02
 0.276223424629203E+02
 0.277260058065183E+02
 0.190520919552599E+02
 0.207789598607307E+02
 0.368039407539302E+02
 0.383150357660826E+02
 0.465067101022675E+02
 0.470271115983843E+02
 0.182154184006970E+02
 0.185071034469176E+02
 0.127619355303675E+02
 0.260958195927096E+02
 0.262390003682202E+02
 0.165597213237800E+02
 0.294849811781147E+02
 0.295861641780746E+02
 0.279895526581840E+02
 0.280972775899663E+02
 0.191562541328695E+02
 0.209122297399456E+02
 0.183468853552891E+02
 0.190405057055675E+02
 0.179875244314034E+02
 0.182154184006970E+02
 0.245841424546053E+02
 0.248659506979277E+02
 0.636448660197253E+01
 0.118820366318334E+02
 0.119413538733514E+02
 0.788872832781699E+01
 0.107234502356299E+02
 0.107507650067639E+02
 0.275601377662678E+02
 0.276764887836444E+02
 0.644041542392195E+01
 0.690836654195601E+01
 0.186269456560389E+02
 0.193366189066099E+02
 0.182887466720976E+02
 0.185071034469176E+02
 0.248659506979277E+02
 0.252318980347622E+02
 0.638514850511283E+01
 0.121373711738190E+02
 0.121983519080367E+02
 0.796155856347654E+01
 0.110001974737668E+02
 0.110267127287146E+02
 0.279223574383384E+02
 0.280336003822847E+02
 0.647189626676577E+01
 0.706825219046114E+01
 0.110851638963972E+02
 0.112642444233788E+02
 0.127071735854278E+02
 0.127619355303675E+02
 0.636448660197253E+01
 0.638514850511283E+01
 0.114937830768759E+02
 0.653801707978335E+01
 0.652406278739597E+01
 0.133882848696781E+02
 0.697737802587339E+01
 0.698800027127723E+01
 0.685145882908775E+01
 0.685902886682352E+01
 0.145812406520440E+02
 0.153932567630529E+02
 0.217820099103505E+02
 0.226524180130092E+02
 0.258465902409260E+02
 0.260958195927096E+02
 0.118820366318334E+02
 0.121373711738190E+02
 0.653801707978335E+01
 0.322089257419325E+02
 0.323966174703312E+02
 0.839231256738947E+01
 0.358745205868806E+02
 0.359867926450349E+02
 0.134597513315711E+02
 0.134360163058661E+02
 0.907944644031848E+01
 0.982394798644999E+01
 0.218945949019300E+02
 0.227722000509734E+02
 0.259875674958238E+02
 0.262390003682202E+02
 0.119413538733514E+02
 0.121983519080367E+02
 0.652406278739597E+01
 0.323966174703312E+02
 0.325865959901097E+02
 0.839309656448477E+01
 0.360884961859206E+02
 0.362015151148782E+02
 0.135423163080254E+02
 0.135184628869251E+02
 0.907961640268685E+01
 0.982887025539526E+01
 0.141171891362377E+02
 0.144692797632477E+02
 0.164516170728921E+02
 0.165597213237800E+02
 0.788872832781699E+01
 0.796155856347654E+01
 0.133882848696781E+02
 0.839231256738947E+01
 0.839309656448477E+01
 0.164693005348902E+02
 0.902823489741854E+01
 0.904954467079358E+01
 0.886311093807614E+01
 0.887993879305828E+01
 0.178924106268283E+02
 0.192065002441783E+02
 0.237319118868454E+02
 0.246915703948778E+02
 0.292125146398614E+02
 0.294849811781147E+02
 0.107234502356299E+02
 0.110001974737668E+02
 0.697737802587339E+01
 0.358745205868806E+02
 0.360884961859206E+02
 0.902823489741854E+01
 0.410721684441176E+02
 0.412044795960579E+02
 0.138030353164090E+02
 0.137546227251555E+02
 0.102759186762915E+02
 0.111327853800431E+02
 0.238081023580980E+02
 0.247718668651771E+02
 0.293119026346651E+02
 0.295861641780746E+02
 0.107507650067639E+02
 0.110267127287146E+02
 0.698800027127723E+01
 0.359867926450349E+02
 0.362015151148782E+02
 0.904954467079358E+01
 0.412044795960579E+02
 0.413381741892581E+02
 0.138465646122296E+02
 0.137982146669442E+02
 0.103004910636534E+02
 0.111622078032983E+02
 0.239735674516378E+02
 0.249701577971507E+02
 0.276223424629203E+02
 0.279895526581840E+02
 0.275601377662678E+02
 0.279223574383384E+02
 0.685145882908775E+01
 0.134597513315711E+02
 0.135423163080254E+02
 0.886311093807614E+01
 0.138030353164090E+02
 0.138465646122296E+02
 0.403327640525772E+02
 0.405445324573448E+02
 0.864331244885396E+01
 0.948189634815003E+01
 0.240528987400401E+02
 0.250544454849701E+02
 0.277260058065183E+02
 0.280972775899663E+02
 0.276764887836444E+02
 0.280336003822847E+02
 0.685902886682352E+01
 0.134360163058661E+02
 0.135184628869251E+02
 0.887993879305828E+01
 0.137546227251555E+02
 0.137982146669442E+02
 0.405445324573448E+02
 0.407628643540407E+02
 0.865944866760115E+01
 0.949338767087599E+01
 0.154406079670651E+02
 0.158274178168077E+02
 0.190520919552599E+02
 0.191562541328695E+02
 0.644041542392195E+01
 0.647189626676577E+01
 0.145812406520440E+02
 0.907944644031848E+01
 0.907961640268685E+01
 0.178924106268283E+02
 0.102759186762915E+02
 0.103004910636534E+02
 0.864331244885396E+01
 0.865944866760115E+01
 0.214594106814569E+02
 0.227167055042957E+02
 0.167754048853419E+02
 0.172375575668227E+02
 0.207789598607307E+02
 0.209122297399456E+02
 0.690836654195601E+01
 0.706825219046114E+01
 0.153932567630529E+02
 0.982394798644999E+01
 0.982887025539526E+01
 0.192065002441783E+02
 0.111327853800431E+02
 0.111622078032983E+02
 0.948189634815003E+01
 0.949338767087599E+01
 0.227167055042957E+02
 0.246576355910990E+02
